02395200121114117020320006715    1208201407092014        0000000000000000000000000000                000000194800
0239170100973005020320008073     1208201407092014        0000000000000000000000000000                000000220400
0239800149103115030320000441     1208201407092014        0000000000000000000000000000                000000267875
0239800149103115030320000442     1208201407092014        0000000000000000000000000000                000000267875
0239280103777122030320000539     1208201407092014        0000000000000000000000000000                000000265250
023910132298118030320000780      1208201407092014        0000000000000000000000000000                000000267875
0239280103777122030320000824     1208201407092014        0000000000000000000000000000                000000257375
0239170170738134030320001157     1208201407092014        0000000000000000000000000000                000000777575
0239170169646116040320001452     1208201407092014        0000000000000000000000000000                000000547075
023930123816000040320001576      1208201407092014        0000000000000000000000000000                000000611150
0239800128026110040320001578     1208201407092014        0000000000000000000000000000                000000103600
0239800112031119040320001921     1208201407092014        0000000000000000000000000000                000000267875
0239               050320000250  1208201407092014        0000000000000000000000000000                000000160800
023930100035188050320000256      1208201407092014        0000000000000000000000000000                000000266600
02399030102786114050320001226    1208201407092014        0000000000000000000000000000                000000143700
02399030102786114050320001351    1208201407092014        0000000000000000000000000000                000000050000
023980145651130050320002139      1208201407092014        0000000000000000000000000000                000000176400
02393700100052182060320002203    1208201407092014        0000000000000000000000000000                000001635400
0239670124664117060320002341     1208201407092014        0000000000000000000000000000                000000479150
0239800158742118060320002343     1208201407092014        0000000000000000000000000000                000000237825
0239800128069118060320002537     1208201407092014        0000000000000000000000000000                000000369875
02395280104426119060320002602    1208201407092014        0000000000000000000000000000                000000253250
02394020105664183060320002617    1208201407092014        0000000000000000000000000000                000000443750
02395200136065117060320002880    1208201407092014        0000000000000000000000000000                000000315875
0239640114564110060320002999     1208201407092014        0000000000000000000000000000                000000266250
02392920100032111060320003233    1208201407092014        0000000000000000000000000000                000000463025
02392920101114186060320003465    1208201407092014        0000000000000000000000000000                000000267450
023960142651115060320003537      1208201407092014        0000000000000000000000000000                000001088500
023960142651115060320003543      1208201407092014        0000000000000000000000000000                000000644500
02395200140654110070320003922    1208201407092014        0000000000000000000000000000                000000242750
023980199778120080320004071      1208201407092014        0000000000000000000000000000                000000779200
0239220100305120080320004081     1208201407092014        0000000000000000000000000000                000001292400
02392920100835111080320004085    1208201407092014        0000000000000000000000000000                000000917800
023930122948147080820011984      1208201407092014        0000000000000000000000000000                000000321250
0239800158750111090320004262     1208201407092014        0000000000000000000000000000                000000646250
023910132298118090320004289      1208201407092014        0000000000000000000000000000                000000754000
0239800149103115090320004308     1208201407092014        0000000000000000000000000000                000000325750
02392920100310187090320004367    1208201407092014        0000000000000000000000000000                000000805450
02397800100098118090630010840    1208201407092014        0000000000000000000000000000                000000478000
023970170244123100320005571      1208201407092014        0000000000000000000000000000                000001284075
0239380188571113100320005798     1208201407092014        0000000000000000000000000000                000000544875
0239800158841116100320005933     1208201407092014        0000000000000000000000000000                000000878600
0239640169918128100320006096     1208201407092014        0000000000000000000000000000                000000356750
0239220125896114100320006206     1208201407092014        0000000000000000000000000000                000000455750
02392340100080186100320006230    1208201407092014        0000000000000000000000000000                000000276250
0239800159399112100320006811     1208201407092014        0000000000000000000000000000                000000610175
0239800103402187100320006836     1208201407092014        0000000000000000000000000000                000000818075
02394700103504181100320007245    1208201407092014        0000000000000000000000000000                000000275875
023960145996124100320007461      1208201407092014        0000000000000000000000000000                000000463250
02399170120086110100320007500    1208201407092014        0000000000000000000000000000                000000279675
0239250118700149100320007638     1208201407092014        0000000000000000000000000000                000000307475
0239170171378131100320007667     1208201407092014        0000000000000000000000000000                000000447375
0239170150554136100320007812     1208201407092014        0000000000000000000000000000                000000276250
02392920100003007100320008123    1208201407092014        0000000000000000000000000000                000000285850
02393700100860187100320008261    1208201407092014        0000000000000000000000000000                000000526675
02394800102202188100320008292    1208201407092014        0000000000000000000000000000                000000572175
0239170119547134100320008459     1208201407092014        0000000000000000000000000000                000000359975
0239800138803112100420009732     1208201407092014        0000000000000000000000000000                000000236600
02392240126400116100620010909    1208201407092014        0000000000000000000000000000                000000249200
02395200100134118100900012797    1208201407092014        0000000000000000000000000000                000000273250
0239292010416418010090012696     1208201407092014        0000000000000000000000000000                000000432075
023917018955512510090013299      1208201407092014        0000000000000000000000000000                000000487425
023980015897511910090013601      1208201407092014        0000000000000000000000000000                000000885075
02396440100637183101100014549    1208201407092014        0000000000000000000000000000                000000522100
0239800160490113110320008877     1208201407092014        0000000000000000000000000000                000000463850
02397800100151110120320009096    1208201407092014        0000000000000000000000000000                000000383500
023930105052143120320009123      1208201407092014        0000000000000000000000000000                000000351125
0239800106735181120410009688     1208201407092014        0000000000000000000000000000                000001032450
0239170130070136120420009763     1208201407092014        0000000000000000000000000000                000000321125
0239800150501110120520010225     1208201407092014        0000000000000000000000000000                000000489625
0239170169727132120530010340     1208201407092014        0000000000000000000000000000                000000294250
0239292010097318912060010901     1208201407092014        0000000000000000000000000000                000000501375
02395200138784115120620010726    1208201407092014        0000000000000000000000000000                000000696825
0239250186825135120620010744     1208201407092014        0000000000000000000000000000                000000454050
0239640117676110120630010564     1208201407092014        0000000000000000000000000000                000000522625
0239640159008129120630010672     1208201407092014        0000000000000000000000000000                000000860200
02395200141510115120630010770    1208201407092014        0000000000000000000000000000                000000761700
0239517010415211912070010965     1208201407092014        0000000000000000000000000000                000000708750
023980010784511712070011333      1208201407092014        0000000000000000000000000000                000000869575
02396230100517110120720011736    1208201407092014        0000000000000000000000000000                000000674625
0239517010415211912080012248     1208201407092014        0000000000000000000000000000                000001378125
02394800103598184130630010902    1208201407092014        0000000000000000000000000000                000000871425
023980199812136140510010410      1208201407092014        0000000000000000000000000000                000000338000
02393510100013127140510010439    1208201407092014        0000000000000000000000000000                000000195500
02399080106487123140520010125    1208201407092014        0000000000000000000000000000                000000585125
0239800120280118140520010315     1208201407092014        0000000000000000000000000000                000000195500
0239640123470120140610010817     1208201407092014        0000000000000000000000000000                000000302125
02395200138928117140620010781    1208201407092014        0000000000000000000000000000                000000213625
023980014371711014070011007      1208201407092014        0000000000000000000000000000                000000304000
023980015908311914070011325      1208201407092014        0000000000000000000000000000                000000294000
02399030103615146140710011522    1208201407092014        0000000000000000000000000000                000000299000
02394700119456180140710011892    1208201407092014        0000000000000000000000000000                000000249000
02394020102400182140710011948    1208201407092014        0000000000000000000000000000                000000214425
0239130163707168140800012616     1208201407092014        0000000000000000000000000000                000000195500
0239220160107122140810012073     1208201407092014        0000000000000000000000000000                000000227125
0239170120348133140900013221     1208201407092014        0000000000000000000000000000                000000249200
02394300104313189141100014247    1208201407092014        0000000000000000000000000000                000000195500
02394380100264118141100014333    1208201407092014        0000000000000000000000000000                000000199200
0239640180182116160800012552     1208201407092014        0000000000000000000000000000                000000498700
0239170162608133160820012445     1208201407092014        0000000000000000000000000000                000000396200
02397700100171182161000013702    1208201407092014        0000000000000000000000000000                000000417300
0239800158910119161000013912     1208201407092014        0000000000000000000000000000                000000330225
0239250124518116161000013918     1208201407092014        0000000000000000000000000000                000000432100
0239800158698115161000014038     1208201407092014        0000000000000000000000000000                000000414050
02399220102932182161000014114    1208201407092014        0000000000000000000000000000                000000268750
0239520011421311616100013821     1208201407092014        0000000000000000000000000000                000000425650
0239130163707168161100014233     1208201407092014        0000000000000000000000000000                000000268750
0239170110973134161100014482     1208201407092014        0000000000000000000000000000                000000316250
0239800114358119161100014786     1208201407092014        0000000000000000000000000000                000001725200
0239351010001312716110014742     1208201407092014        0000000000000000000000000000                000000469450
023980015941111816110014744      1208201407092014        0000000000000000000000000000                000000428750
0239800158342112161200014875     1208201407092014        0000000000000000000000000000                000000268750
0239640105012118161200015018     1208201407092014        0000000000000000000000000000                000000490450
0239800158912111161200015028     1208201407092014        0000000000000000000000000000                000000563600
023930116291146161200015030      1208201407092014        0000000000000000000000000000                000000636050
0239130107264114161200015035     1208201407092014        0000000000000000000000000000                000000348950
0239639010013811416120015899     1208201407092014        0000000000000000000000000000                000000548600
0239170145148136170900012779     1208201407092014        0000000000000000000000000000                000000575300
023917011364313618070011376      1208201407092014        0000000000000000000000000000                000000222125
02399170102468184180810012320    1208201407092014        0000000000000000000000000000                000000226200
0239170110291134190830012016     1208201407092014        0000000000000000000000000000                000000296350
02394770101773187190830012343    1208201407092014        0000000000000000000000000000                000000610100
0239170108771130220900012878     1208201407092014        0000000000000000000000000000                000001021275
02399460100358186220900013431    1208201407092014        0000000000000000000000000000                000000445975
0239170138197136220900013443     1208201407092014        0000000000000000000000000000                000000651275
0239800106347182221000013707     1208201407092014        0000000000000000000000000000                000000526850
02396200100382112221000014154    1208201407092014        0000000000000000000000000000                000000938250
0239800159906113231200015157     1208201407092014        0000000000000000000000000000                000000617150
023980016090911223130016252      1208201407092014        0000000000000000000000000000                000000271800
