02395200121114117020320006715    0108201425082014        0000000000000000000000000000                000017080000
02390170100973005020320008073    0108201425082014        0000000000000000000000000000                000019640000
02390800149103115030320000441    0108201425082014        0000000000000000000000000000                000026787500
02390800149103115030320000442    0108201425082014        0000000000000000000000000000                000026787500
02390280103777122030320000539    0108201425082014        0000000000000000000000000000                000026525000
02390010132298118030320000780    0108201425082014        0000000000000000000000000000                000026787500
02390280103777122030320000824    0108201425082014        0000000000000000000000000000                000025737500
02390170170738134030320001157    0108201425082014        0000000000000000000000000000                000073537500
02390170169646116040320001452    0108201425082014        0000000000000000000000000000                000061767500
02390030123816000040320001576    0108201425082014        0000000000000000000000000000                000056155000
02390800128026110040320001578    0108201425082014        0000000000000000000000000000                000065085000
02390800112031119040320001921    0108201425082014        0000000000000000000000000000                000026787500
02390030100035188050320000256    0108201425082014        0000000000000000000000000000                000008350000
02399030102786114050320001226    0108201425082014        0000000000000000000000000000                000009640000
02399030102786114050320001351    0108201425082014        0000000000000000000000000000                000005000000
02390080145651130050320002139    0108201425082014        0000000000000000000000000000                000015160000
02393700100052182060320002203    0108201425082014        0000000000000000000000000000                000128160000
02390670124664117060320002341    0108201425082014        0000000000000000000000000000                000036745000
02390800128069118060320002537    0108201425082014        0000000000000000000000000000                000034687500
02395280104426119060320002602    0108201425082014        0000000000000000000000000000                000025325000
02394020105664183060320002617    0108201425082014        0000000000000000000000000000                000052175000
02395200136065117060320002880    0108201425082014        0000000000000000000000000000                000028437500
02390640114564110060320002999    0108201425082014        0000000000000000000000000000                000025755000
02392920100032111060320003233    0108201425082014        0000000000000000000000000000                000034632500
02392920101114186060320003465    0108201425082014        0000000000000000000000000000                000026375000
02390700100068118060320003492    0108201425082014        0000000000000000000000000000                000026125000
02390060142651115060320003537    0108201425082014        0000000000000000000000000000                000104850000
02390060142651115060320003543    0108201425082014        0000000000000000000000000000                000062250000
02395200140654110070320003922    0108201425082014        0000000000000000000000000000                000024275000
02390080199778120080320004071    0108201425082014        0000000000000000000000000000                000073150000
02390220100305120080320004081    0108201425082014        0000000000000000000000000000                000122410000
02392920100835111080320004085    0108201425082014        0000000000000000000000000000                000084880000
02390030122948147080820011984    0108201425082014        0000000000000000000000000000                000038255000
02390800158750111090320004262    0108201425082014        0000000000000000000000000000                000076615000
02390010132298118090320004289    0108201425082014        0000000000000000000000000000                000072450000
02390800149103115090320004308    0108201425082014        0000000000000000000000000000                000032575000
02392920100310187090320004367    0108201425082014        0000000000000000000000000000                000076885000
02397800100098118090630010840    0108201425082014        0000000000000000000000000000                000047800000
02390070170244123100320005571    0108201425082014        0000000000000000000000000000                000126017500
02390380188571113100320005798    0108201425082014        0000000000000000000000000000                000102255000
02390800158841116100320005933    0108201425082014        0000000000000000000000000000                000078540000
02390640169918128100320006096    0108201425082014        0000000000000000000000000000                000037575000
02390220125896114100320006206    0108201425082014        0000000000000000000000000000                000031675000
02392340100080186100320006230    0108201425082014        0000000000000000000000000000                000025385000
02390800159399112100320006811    0108201425082014        0000000000000000000000000000                000184652500
02390800103402187100320006836    0108201425082014        0000000000000000000000000000                000148175000
02394700103504181100320007245    0108201425082014        0000000000000000000000000000                000027587500
02390060145996124100320007461    0108201425082014        0000000000000000000000000000                000042525000
02399170120086110100320007500    0108201425082014        0000000000000000000000000000                000045837500
02390250118700149100320007638    0108201425082014        0000000000000000000000000000                000031377500
02390170171378131100320007667    0108201425082014        0000000000000000000000000000                000035477500
02390170150554136100320007812    0108201425082014        0000000000000000000000000000                000040125000
02392920100003007100320008123    0108201425082014        0000000000000000000000000000                000028585000
02393700100860187100320008261    0108201425082014        0000000000000000000000000000                000029827500
02394800102202188100320008292    0108201425082014        0000000000000000000000000000                000040617500
02390170119547134100320008459    0108201425082014        0000000000000000000000000000                000038437500
02390800138803112100420009732    0108201425082014        0000000000000000000000000000                000021930000
02392240126400116100620010909    0108201425082014        0000000000000000000000000000                000020520000
02395200100134118100900012797    0108201425082014        0000000000000000000000000000                000027325000
0239017018955512510090013299     0108201425082014        0000000000000000000000000000                000041702500
0239080015897511910090013601     0108201425082014        0000000000000000000000000000                000047957500
02396440100637183101100014549    0108201425082014        0000000000000000000000000000                000052210000
02390800160490113110320008877    0108201425082014        0000000000000000000000000000                000045425000
02397800100151110120320009096    0108201425082014        0000000000000000000000000000                000038910000
02390030105052143120320009123    0108201425082014        0000000000000000000000000000                000042822500
02390800106735181120410009688    0108201425082014        0000000000000000000000000000                000040092500
02390170130070136120420009763    0108201425082014        0000000000000000000000000000                000028962500
02390800150501110120520010225    0108201425082014        0000000000000000000000000000                000041922500
02390170169727132120530010340    0108201425082014        0000000000000000000000000000                000029985000
02395200138784115120620010726    0108201425082014        0000000000000000000000000000                000064782500
02390250186825135120620010744    0108201425082014        0000000000000000000000000000                000042805000
02390640117676110120630010564    0108201425082014        0000000000000000000000000000                000052262500
02390640159008129120630010672    0108201425082014        0000000000000000000000000000                000035975000
02395200141510115120630010770    0108201425082014        0000000000000000000000000000                000060480000
0239517010415211912070010965     0108201425082014        0000000000000000000000000000                000118125000
0239080010784511712070011333     0108201425082014        0000000000000000000000000000                000069557500
02396230100517110120720011736    0108201425082014        0000000000000000000000000000                000064782500
0239517010415211912080012248     0108201425082014        0000000000000000000000000000                000229687500
02394800103598184130630010902    0108201425082014        0000000000000000000000000000                000067812500
02390080199812136140510010410    0108201425082014        0000000000000000000000000000                000026400000
02393510100013127140510010439    0108201425082014        0000000000000000000000000000                000019550000
02399080106487123140520010125    0108201425082014        0000000000000000000000000000                000056772500
02390800120280118140520010315    0108201425082014        0000000000000000000000000000                000021030000
02390640123470120140610010817    0108201425082014        0000000000000000000000000000                000028312500
02395200138928117140620010781    0108201425082014        0000000000000000000000000000                000024342500
0239080014371711014070011007     0108201425082014        0000000000000000000000000000                000032400000
0239080015908311914070011325     0108201425082014        0000000000000000000000000000                000089600000
02399030103615146140710011522    0108201425082014        0000000000000000000000000000                000027000000
02394700119456180140710011892    0108201425082014        0000000000000000000000000000                000023400000
02394020102400182140710011948    0108201425082014        0000000000000000000000000000                000023922500
02390130163707168140800012616    0108201425082014        0000000000000000000000000000                000019550000
02390220160107122140810012073    0108201425082014        0000000000000000000000000000                000023212500
02390170120348133140900013221    0108201425082014        0000000000000000000000000000                000023920000
02394300104313189141100014247    0108201425082014        0000000000000000000000000000                000019550000
02394380100264118141100014333    0108201425082014        0000000000000000000000000000                000027600000
02390640180182116160800012552    0108201425082014        0000000000000000000000000000                000045790000
02390170162608133160820012445    0108201425082014        0000000000000000000000000000                000039870000
02397700100171182161000013702    0108201425082014        0000000000000000000000000000                000039870000
02390250124518116161000013918    0108201425082014        0000000000000000000000000000                000039870000
02390800158698115161000014038    0108201425082014        0000000000000000000000000000                000033845000
02399220102932182161000014114    0108201425082014        0000000000000000000000000000                000026875000
0239520011421311616100013821     0108201425082014        0000000000000000000000000000                000037005000
02390130163707168161100014233    0108201425082014        0000000000000000000000000000                000026875000
02390170110973134161100014482    0108201425082014        0000000000000000000000000000                000027885000
02390800114358119161100014786    0108201425082014        0000000000000000000000000000                000152370000
0239351010001312716110014742     0108201425082014        0000000000000000000000000000                000029565000
0239080015941111816110014744     0108201425082014        0000000000000000000000000000                000039445000
02390800158342112161200014875    0108201425082014        0000000000000000000000000000                000026875000
02390640105012118161200015018    0108201425082014        0000000000000000000000000000                000043365000
02390800158912111161200015028    0108201425082014        0000000000000000000000000000                000061600000
02390030116291146161200015030    0108201425082014        0000000000000000000000000000                000055195000
02390130107264114161200015035    0108201425082014        0000000000000000000000000000                000032375000
0239639010013811416120015899     0108201425082014        0000000000000000000000000000                000048860000
02390170145148136170900012779    0108201425082014        0000000000000000000000000000                000027280000
0239017011364313618070011376     0108201425082014        0000000000000000000000000000                000022212500
02399170102468184180810012320    0108201425082014        0000000000000000000000000000                000022190000
02390170110291134190830012016    0108201425082014        0000000000000000000000000000                000023835000
02394770101773187190830012343    0108201425082014        0000000000000000000000000000                000069790000
02390170108771130220900012878    0108201425082014        0000000000000000000000000000                000100847500
02399460100358186220900013431    0108201425082014        0000000000000000000000000000                000044597500
02390170138197136220900013443    0108201425082014        0000000000000000000000000000                000067637500
02390800106347182221000013707    0108201425082014        0000000000000000000000000000                000047005000
02396200100382112221000014154    0108201425082014        0000000000000000000000000000                000078115000
02390800159906113231200015157    0108201425082014        0000000000000000000000000000                000069355000
0239080016090911223130016252     0108201425082014        0000000000000000000000000000                000026240000
