02390800149103115030320000441    0109201425092014        0000000000000000000000000000                000022787500
02390800149103115030320000442    0109201425092014        0000000000000000000000000000                000022787500
02390280103777122030320000539    0109201425092014        0000000000000000000000000000                000022525000
02390010132298118030320000780    0109201425092014        0000000000000000000000000000                000022787500
02390280103777122030320000824    0109201425092014        0000000000000000000000000000                000021737500
02390170170738134030320001157    0109201425092014        0000000000000000000000000000                000030557500
02390170169646116040320001452    0109201425092014        0000000000000000000000000000                000022787500
02390030123816000040320001576    0109201425092014        0000000000000000000000000000                000032395000
02390800128026110040320001578    0109201425092014        0000000000000000000000000000                000057965000
02390800112031119040320001921    0109201425092014        0000000000000000000000000000                000022787500
02393700100052182060320002203    0109201425092014        0000000000000000000000000000                000086500000
02390670124664117060320002341    0109201425092014        0000000000000000000000000000                000032395000
02390800128069118060320002537    0109201425092014        0000000000000000000000000000                000022787500
02395280104426119060320002602    0109201425092014        0000000000000000000000000000                000021475000
02394020105664183060320002617    0109201425092014        0000000000000000000000000000                000021475000
02395200136065117060320002880    0109201425092014        0000000000000000000000000000                000021737500
02390640114564110060320002999    0109201425092014        0000000000000000000000000000                000020425000
02392920100032111060320003233    0109201425092014        0000000000000000000000000000                000024782500
02392920101114186060320003465    0109201425092014        0000000000000000000000000000                000022525000
02390700100068118060320003492    0109201425092014        0000000000000000000000000000                000020425000
02390060142651115060320003537    0109201425092014        0000000000000000000000000000                000079750000
02390060142651115060320003543    0109201425092014        0000000000000000000000000000                000052550000
02395200140654110070320003922    0109201425092014        0000000000000000000000000000                000020425000
02390080199778120080320004071    0109201425092014        0000000000000000000000000000                000053500000
02390220100305120080320004081    0109201425092014        0000000000000000000000000000                000032500000
02392920100835111080320004085    0109201425092014        0000000000000000000000000000                000048250000
02390030122948147080820011984    0109201425092014        0000000000000000000000000000                000027775000
02390800158750111090320004262    0109201425092014        0000000000000000000000000000                000048775000
02390010132298118090320004289    0109201425092014        0000000000000000000000000000                000048250000
02390800149103115090320004308    0109201425092014        0000000000000000000000000000                000027775000
02392920100310187090320004367    0109201425092014        0000000000000000000000000000                000042475000
02397800100098118090630010840    0109201425092014        0000000000000000000000000000                000043000000
02390070170244123100320005571    0109201425092014        0000000000000000000000000000                000030557500
02390380188571113100320005798    0109201425092014        0000000000000000000000000000                000078965000
02390800158841116100320005933    0109201425092014        0000000000000000000000000000                000051610000
02390640169918128100320006096    0109201425092014        0000000000000000000000000000                000021475000
02390220125896114100320006206    0109201425092014        0000000000000000000000000000                000021475000
02392340100080186100320006230    0109201425092014        0000000000000000000000000000                000020425000
02390800159399112100320006811    0109201425092014        0000000000000000000000000000                000152252500
02390800103402187100320006836    0109201425092014        0000000000000000000000000000                000100135000
02394700103504181100320007245    0109201425092014        0000000000000000000000000000                000022787500
02390060145996124100320007461    0109201425092014        0000000000000000000000000000                000020425000
02399170120086110100320007500    0109201425092014        0000000000000000000000000000                000021737500
02390250118700149100320007638    0109201425092014        0000000000000000000000000000                000022787500
02390170171378131100320007667    0109201425092014        0000000000000000000000000000                000021737500
02390170150554136100320007812    0109201425092014        0000000000000000000000000000                000020425000
02392920100003007100320008123    0109201425092014        0000000000000000000000000000                000023785000
02393700100860187100320008261    0109201425092014        0000000000000000000000000000                000022787500
02394800102202188100320008292    0109201425092014        0000000000000000000000000000                000022787500
02390170119547134100320008459    0109201425092014        0000000000000000000000000000                000021737500
02390800138803112100420009732    0109201425092014        0000000000000000000000000000                000015700000
02392240126400116100620010909    0109201425092014        0000000000000000000000000000                000015700000
02395200100134118100900012797    0109201425092014        0000000000000000000000000000                000022525000
0239017018955512510090013299     0109201425092014        0000000000000000000000000000                000023522500
0239080015897511910090013601     0109201425092014        0000000000000000000000000000                000043157500
02396440100637183101100014549    0109201425092014        0000000000000000000000000000                000047410000
02390800160490113110320008877    0109201425092014        0000000000000000000000000000                000036625000
02397800100151110120320009096    0109201425092014        0000000000000000000000000000                000033550000
02390030105052143120320009123    0109201425092014        0000000000000000000000000000                000022262500
02390800106735181120410009688    0109201425092014        0000000000000000000000000000                000022262500
02390170130070136120420009763    0109201425092014        0000000000000000000000000000                000022262500
02390800150501110120520010225    0109201425092014        0000000000000000000000000000                000022262500
02390170169727132120530010340    0109201425092014        0000000000000000000000000000                000024625000
02395200138784115120620010726    0109201425092014        0000000000000000000000000000                000022262500
02390250186825135120620010744    0109201425092014        0000000000000000000000000000                000024625000
02390640117676110120630010564    0109201425092014        0000000000000000000000000000                000047462500
02390640159008129120630010672    0109201425092014        0000000000000000000000000000                000024625000
02395200141510115120630010770    0109201425092014        0000000000000000000000000000                000033550000
0239517010415211912070010965     0109201425092014        0000000000000000000000000000                000094500000
0239080010784511712070011333     0109201425092014        0000000000000000000000000000                000046937500
02396230100517110120720011736    0109201425092014        0000000000000000000000000000                000022262500
0239517010415211912080012248     0109201425092014        0000000000000000000000000000                000183750000
02394800103598184130630010902    0109201425092014        0000000000000000000000000000                000039062500
02390080199812136140510010410    0109201425092014        0000000000000000000000000000                000015700000
02393510100013127140510010439    0109201425092014        0000000000000000000000000000                000015700000
02399080106487123140520010125    0109201425092014        0000000000000000000000000000                000017012500
02390800120280118140520010315    0109201425092014        0000000000000000000000000000                000015700000
02390640123470120140610010817    0109201425092014        0000000000000000000000000000                000017012500
02395200138928117140620010781    0109201425092014        0000000000000000000000000000                000017012500
0239080014371711014070011007     0109201425092014        0000000000000000000000000000                000015700000
0239080015908311914070011325     0109201425092014        0000000000000000000000000000                000078300000
02399030103615146140710011522    0109201425092014        0000000000000000000000000000                000015700000
02394700119456180140710011892    0109201425092014        0000000000000000000000000000                000015700000
02394020102400182140710011948    0109201425092014        0000000000000000000000000000                000017222500
02390130163707168140800012616    0109201425092014        0000000000000000000000000000                000015700000
02390220160107122140810012073    0109201425092014        0000000000000000000000000000                000017012500
02390170120348133140900013221    0109201425092014        0000000000000000000000000000                000018220000
02394300104313189141100014247    0109201425092014        0000000000000000000000000000                000015700000
02394380100264118141100014333    0109201425092014        0000000000000000000000000000                000015700000
02390640180182116160800012552    0109201425092014        0000000000000000000000000000                000020950000
02390170162608133160820012445    0109201425092014        0000000000000000000000000000                000020950000
02397700100171182161000013702    0109201425092014        0000000000000000000000000000                000020950000
02390250124518116161000013918    0109201425092014        0000000000000000000000000000                000020950000
02390800158698115161000014038    0109201425092014        0000000000000000000000000000                000022735000
02399220102932182161000014114    0109201425092014        0000000000000000000000000000                000022525000
0239520011421311616100013821     0109201425092014        0000000000000000000000000000                000022525000
02390130163707168161100014233    0109201425092014        0000000000000000000000000000                000022525000
02390170110973134161100014482    0109201425092014        0000000000000000000000000000                000022525000
02390800114358119161100014786    0109201425092014        0000000000000000000000000000                000024625000
0239351010001312716110014742     0109201425092014        0000000000000000000000000000                000022525000
0239080015941111816110014744     0109201425092014        0000000000000000000000000000                000022525000
02390800158342112161200014875    0109201425092014        0000000000000000000000000000                000022525000
02390640105012118161200015018    0109201425092014        0000000000000000000000000000                000024625000
02390800158912111161200015028    0109201425092014        0000000000000000000000000000                000033760000
02390030116291146161200015030    0109201425092014        0000000000000000000000000000                000024625000
02390130107264114161200015035    0109201425092014        0000000000000000000000000000                000022525000
0239639010013811416120015899     0109201425092014        0000000000000000000000000000                000033760000
02390170145148136170900012779    0109201425092014        0000000000000000000000000000                000015700000
0239017011364313618070011376     0109201425092014        0000000000000000000000000000                000017012500
02399170102468184180810012320    0109201425092014        0000000000000000000000000000                000015700000
02394770101773187190830012343    0109201425092014        0000000000000000000000000000                000047410000
02390170108771130220900012878    0109201425092014        0000000000000000000000000000                000039797500
02399460100358186220900013431    0109201425092014        0000000000000000000000000000                000039797500
02390170138197136220900013443    0109201425092014        0000000000000000000000000000                000039797500
02390800106347182221000013707    0109201425092014        0000000000000000000000000000                000024625000
02396200100382112221000014154    0109201425092014        0000000000000000000000000000                000024835000
02390800159906113231200015157    0109201425092014        0000000000000000000000000000                000022735000
0239080016090911223130016252     0109201425092014        0000000000000000000000000000                000020950000
