          1         2         3         4         5         6         7         8         9         0         1         2
0123456789012345678901234567890123456789012345678901234567890123456789012345678901234567890123456789012345678901234567890
02395200121114117020320006715    0111201325112013        0000000000000000000000000000                000020280000
02390800149103115030320000441    0111201325112013        0000000000000000000000000000                000023600000
02390800149103115030320000442    0111201325112013        0000000000000000000000000000                000023600000
02390280103777122030320000539    0111201325112013        0000000000000000000000000000                000023600000
02390010132298118030320000780    0111201325112013        0000000000000000000000000000                000023600000
02390280103777122030320000824    0111201325112013        0000000000000000000000000000                000022530000
02390170170738134030320001157    0111201325112013        0000000000000000000000000000                000088580000
02390170169646116040320001452    0111201325112013        0000000000000000000000000000                000061010000
02390030123816000040320001576    0111201325112013        0000000000000000000000000000                000119670000
02390800128026110040320001578    0111201325112013        0000000000000000000000000000                000031690000
02390800112031119040320001921    0111201325112013        0000000000000000000000000000                000023600000
02399030102786114050320001226    0111201325112013        0000000000000000000000000000                000015700000
02399030102786114050320001351    0111201325112013        0000000000000000000000000000                000005000000
02390080145651130050320002139    0111201325112013        0000000000000000000000000000                000025400000
02393700100052182060320002203    0111201325112013        0000000000000000000000000000                000201160000
02390670124664117060320002341    0111201325112013        0000000000000000000000000000                000046050000
02390800158742118060320002343    0111201325112013        0000000000000000000000000000                000020320000
02390800128069118060320002537    0111201325112013        0000000000000000000000000000                000040180000
02395280104426119060320002602    0111201325112013        0000000000000000000000000000                000022450000
02395200136065117060320002880    0111201325112013        0000000000000000000000000000                000027330000
02390640114564110060320002999    0111201325112013        0000000000000000000000000000                000025550000
02390060142651115060320003537    0111201325112013        0000000000000000000000000000                000068270000
02390060142651115060320003543    0111201325112013        0000000000000000000000000000                000023400000
02395200140654110070320003922    0111201325112013        0000000000000000000000000000                000022010000
02390030122948147080820011984    0111201325112013        0000000000000000000000000000                000048405000
02390080199778120080320004071    0111201325112013        0000000000000000000000000000                000087945000
02392920100835111080320004085    0111201325112013        0000000000000000000000000000                000096470000
02390220100305120080320004081    0111201325112013        0000000000000000000000000000                000061370000
02390800160490113110320008877    0111201325112013        0000000000000000000000000000                000041720000
02397800100098118090630010840    0111201325112013        0000000000000000000000000000                000041150000
02390800158750111090320004262    0111201325112013        0000000000000000000000000000                000073190000
02390010132298118090320004289    0111201325112013        0000000000000000000000000000                000083860000
02390800149103115090320004308    0111201325112013        0000000000000000000000000000                000028405000
02392920100310187090320004367    0111201325112013        0000000000000000000000000000                000075850000
02390080199812136140510010410    0111201325112013        0000000000000000000000000000                000035410000
02393510100013127140510010439    0111201325112013        0000000000000000000000000000                000017160000
0239080015908311914070011325     0111201325112013        0000000000000000000000000000                000024010000
02395200138928117140620010781    0111201325112013        0000000000000000000000000000                000023820000
02390170120348133140900013221    0111201325112013        0000000000000000000000000000                000023160000
0239080014371711014070011007     0111201325112013        0000000000000000000000000000                000028210000
02394020102400182140710011948    0111201325112013        0000000000000000000000000000                000023300000
02390220160107122140810012073    0111201325112013        0000000000000000000000000000                000021300000
02399030103615146140710011522    0111201325112013        0000000000000000000000000000                000024010000
02390130163707168140800012616    0111201325112013        0000000000000000000000000000                000020510000
02390070170244123100320005571    0111201325112013        0000000000000000000000000000                000149410000
0239292010416418010090012696     0111201325112013        0000000000000000000000000000                000035690000
02390380188571113100320005798    0111201325112013        0000000000000000000000000000                000050170000
02396440100637183101100014549    0111201325112013        0000000000000000000000000000                000045200000
02390800158841116100320005933    0111201325112013        0000000000000000000000000000                000096280000
02395200100134118100900012797    0111201325112013        0000000000000000000000000000                000024400000
02390640169918128100320006096    0111201325112013        0000000000000000000000000000                000036430000
02390220125896114100320006206    0111201325112013        0000000000000000000000000000                000037030000
02392340100080186100320006230    0111201325112013        0000000000000000000000000000                000024470000
0239017018955512510090013299     0111201325112013        0000000000000000000000000000                000050650000
02392240126400116100620010909    0111201325112013        0000000000000000000000000000                000018600000
02399080106487123140520010125    0111201325112013        0000000000000000000000000000                000070920000
02390800138803112100420009732    0111201325112013        0000000000000000000000000000                000021270000
02390640123470120140610010817    0111201325112013        0000000000000000000000000000                000025900000
02390800120280118140520010315    0111201325112013        0000000000000000000000000000                000019510000
02394800103598184130630010902    0111201325112013        0000000000000000000000000000                000066930000
02390800159399112100320006811    0111201325112013        0000000000000000000000000000                000050930000
02390800103402187100320006836    0111201325112013        0000000000000000000000000000                000179520000
0239080015897511910090013601     0111201325112013        0000000000000000000000000000                000065440000
02394700103504181100320007245    0111201325112013        0000000000000000000000000000                000024400000
02390060145996124100320007461    0111201325112013        0000000000000000000000000000                000044470000
02399170120086110100320007500    0111201325112013        0000000000000000000000000000                000034490000
02390250118700149100320007638    0111201325112013        0000000000000000000000000000                000037780000
02390170171378131100320007667    0111201325112013        0000000000000000000000000000                000045590000
02390170150554136100320007812    0111201325112013        0000000000000000000000000000                000032070000
02392920100003007100320008123    0111201325112013        0000000000000000000000000000                000024890000
02393700100860187100320008261    0111201325112013        0000000000000000000000000000                000055120000
02394800102202188100320008292    0111201325112013        0000000000000000000000000000                000030950000
02390170119547134100320008459    0111201325112013        0000000000000000000000000000                000087000000
02390800159906113231200015157    0111201325112013        0000000000000000000000000000                000067330000
02390800158912111161200015028    0111201325112013        0000000000000000000000000000                000046110000
02390030116291146161200015030    0111201325112013        0000000000000000000000000000                000064000000
02390640105012118161200015018    0111201325112013        0000000000000000000000000000                000050800000
0239520011421311616100013821     0111201325112013        0000000000000000000000000000                000039670000
02390130163707168161100014233    0111201325112013        0000000000000000000000000000                000025230000
02390170162608133160820012445    0111201325112013        0000000000000000000000000000                000035210000
02390640180182116160800012552    0111201325112013        0000000000000000000000000000                000030770000
02390800158910119161000013912    0111201325112013        0000000000000000000000000000                000019090000
02390130107264114161200015035    0111201325112013        0000000000000000000000000000                000033010000
02399220102932182161000014114    0111201325112013        0000000000000000000000000000                000033750000
02390800158698115161000014038    0111201325112013        0000000000000000000000000000                000038190000
02390250124518116161000013918    0111201325112013        0000000000000000000000000000                000038170000
02397700100171182161000013702    0111201325112013        0000000000000000000000000000                000039650000
02390800114358119161100014786    0111201325112013        0000000000000000000000000000                000047440000
0239351010001312716110014742     0111201325112013        0000000000000000000000000000                000026130000
0239080015941111816110014744     0111201325112013        0000000000000000000000000000                000041820000
02390170110973134161100014482    0111201325112013        0000000000000000000000000000                000029130000
0239639010013811416120015899     0111201325112013        0000000000000000000000000000                000035190000
02390800158342112161200014875    0111201325112013        0000000000000000000000000000                000022880000
02390170138197136220900013443    0111201325112013        0000000000000000000000000000                000038030000
02390800106347182221000013707    0111201325112013        0000000000000000000000000000                000045595000
02396200100382112221000014154    0111201325112013        0000000000000000000000000000                000082405000
02390170108771130220900012878    0111201325112013        0000000000000000000000000000                000247330000
02399170102468184180810012320    0111201325112013        0000000000000000000000000000                000021950000
0239017011364313618070011376     0111201325112013        0000000000000000000000000000                000019160000
02394300104313189141100014247    0111201325112013        0000000000000000000000000000                000017530000
02394380100264118141100014333    0111201325112013        0000000000000000000000000000                000017160000
02397800100151110120320009096    0111201325112013        0000000000000000000000000000                000026570000
02390030105052143120320009123    0111201325112013        0000000000000000000000000000                000054050000
02395200141510115120630010770    0111201325112013        0000000000000000000000000000                000060050000
02395200138784115120620010726    0111201325112013        0000000000000000000000000000                000060130000
02396230100517110120720011736    0111201325112013        0000000000000000000000000000                000052770000
0239080010784511712070011333     0111201325112013        0000000000000000000000000000                000080680000
02390250186825135120620010744    0111201325112013        0000000000000000000000000000                000037780000
0239517010415211912070010965     0111201325112013        0000000000000000000000000000                000018600000
0239517010415211912080012248     0111201325112013        0000000000000000000000000000                000025200000
02390170130070136120420009763    0111201325112013        0000000000000000000000000000                000029640000
02390800106735181120410009688    0111201325112013        0000000000000000000000000000                000047280000
02390640117676110120630010564    0111201325112013        0000000000000000000000000000                000031000000
02390800150501110120520010225    0111201325112013        0000000000000000000000000000                000044850000
02390640159008129120630010672    0111201325112013        0000000000000000000000000000                000027950000
02390170169727132120530010340    0111201325112013        0000000000000000000000000000                000024400000
